6.899999999999999091e+03 0.000000000000000000e+00
6.904999999999999091e+03 0.000000000000000000e+00
6.909999999999999091e+03 0.000000000000000000e+00
6.914999999999999091e+03 0.000000000000000000e+00
6.919999999999999091e+03 4.742565783360931277e-16
6.924999999999999091e+03 2.687869863953771565e-06
6.929999999999999091e+03 5.430503542725412853e-06
6.934999999999999091e+03 2.718430387211859350e-06
6.939999999999999091e+03 4.875175419678562556e-16
6.944999999999999091e+03 0.000000000000000000e+00
6.949999999999999091e+03 0.000000000000000000e+00
6.954999999999999091e+03 0.000000000000000000e+00
6.959999999999999091e+03 0.000000000000000000e+00
6.964999999999999091e+03 0.000000000000000000e+00
6.969999999999999091e+03 0.000000000000000000e+00
6.974999999999999091e+03 0.000000000000000000e+00
6.979999999999999091e+03 0.000000000000000000e+00
6.984999999999999091e+03 0.000000000000000000e+00
6.989999999999999091e+03 0.000000000000000000e+00
6.994999999999999091e+03 0.000000000000000000e+00
6.999999999999999091e+03 5.007885420467806395e-16
7.004999999999999091e+03 2.754333965750876818e-06
7.009999999999999091e+03 5.511108278202238660e-06
7.014999999999999091e+03 5.510347580868528746e-06
7.019999999999999091e+03 5.509585129619838696e-06
7.024999999999999091e+03 8.285874276688901227e-06
7.029999999999999091e+03 1.107646319610850880e-05
7.034999999999999091e+03 1.107852022276866099e-05
7.039999999999999091e+03 1.108057714985191467e-05
7.044999999999999091e+03 1.107385378427334096e-05
7.049999999999999091e+03 1.106713190036536468e-05
7.054999999999999091e+03 8.311804241947493821e-06
7.059999999999999091e+03 5.548842732151514427e-06
7.064999999999999091e+03 5.550556036131717045e-06
7.069999999999999091e+03 5.552265248953121614e-06
7.074999999999999091e+03 5.556772807163665432e-06
7.079999999999999091e+03 5.561281933017714017e-06
7.084999999999999091e+03 5.560487144807671657e-06
7.089999999999999091e+03 5.559690494790623870e-06
7.094999999999999091e+03 5.559912550414226124e-06
7.099999999999999091e+03 5.560134213861012216e-06
7.104999999999999091e+03 5.561447259482635386e-06
7.109999999999999091e+03 5.562756241919096287e-06
7.114999999999999091e+03 5.560419148430256900e-06
7.119999999999999091e+03 5.558081772414600326e-06
7.124999999999999091e+03 5.557898943747501337e-06
7.129999999999999091e+03 5.557715548529610132e-06
7.134999999999999091e+03 5.552171120561847355e-06
7.139999999999999091e+03 5.546629793255900030e-06
7.144999999999999091e+03 8.313381508895448653e-06
7.149999999999999091e+03 1.107575349578086049e-05
7.154999999999999091e+03 1.100790829274670454e-05
7.159999999999999091e+03 1.094012748438383366e-05
7.164999999999999091e+03 1.071645204506561564e-05
7.169999999999999091e+03 1.049268573925450076e-05
7.174999999999999091e+03 1.035821100109602027e-05
7.179999999999999091e+03 1.022387770383761878e-05
7.184999999999999091e+03 1.272600152320240818e-05
7.189999999999999091e+03 1.520656067768341053e-05
7.194999999999999091e+03 1.531239930793167552e-05
7.199999999999999091e+03 1.541811436541478287e-05
7.204999999999999091e+03 1.320465002733336767e-05
7.209999999999999091e+03 1.084879343124966359e-05
7.214999999999999091e+03 1.087266556013754598e-05
7.219999999999999091e+03 1.089650594481608591e-05
7.224999999999999091e+03 1.066766273654929566e-05
7.229999999999999091e+03 1.043873387963128378e-05
7.234999999999999091e+03 1.042928834500437218e-05
7.239999999999999091e+03 1.041984784686664926e-05
7.244999999999999091e+03 1.046162547333418277e-05
7.249999999999999091e+03 1.050335043415736059e-05
7.254999999999999091e+03 1.054861963725685181e-05
7.259999999999999091e+03 1.059390348625483882e-05
7.264999999999999091e+03 1.053394605873986470e-05
7.269999999999999091e+03 1.047405394236674601e-05
7.274999999999999091e+03 1.055916432845370032e-05
7.279999999999999091e+03 1.064430286681843533e-05
7.284999999999999091e+03 1.064146491852484162e-05
7.289999999999999091e+03 1.063862432702010425e-05
7.294999999999999091e+03 1.333083693626517940e-05
7.299999999999999091e+03 1.603608317390684568e-05
7.304999999999999091e+03 1.605803542657100334e-05
7.309999999999999091e+03 1.607995327409434921e-05
7.314999999999999091e+03 1.623268766462323219e-05
7.319999999999999091e+03 1.638546643251471933e-05
7.324999999999999091e+03 1.641836510953006704e-05
7.329999999999999091e+03 1.645121469094817785e-05
7.334999999999999091e+03 1.923666421875792041e-05
7.339999999999999091e+03 2.203457920937593290e-05
7.344999999999999091e+03 2.477088759504066719e-05
7.349999999999999091e+03 2.750320095653167583e-05
7.354999999999999091e+03 2.748695465656428091e-05
7.359999999999999091e+03 2.747070248365887565e-05
7.364999999999999091e+03 2.750534465684556260e-05
7.369999999999999091e+03 2.753992709615469997e-05
7.374999999999999091e+03 2.757462052021896238e-05
7.379999999999999091e+03 2.760932159511112963e-05
7.384999999999999091e+03 2.484512228459577956e-05
7.389999999999999091e+03 2.208163929834831317e-05
7.394999999999999091e+03 2.210983033072134952e-05
7.399999999999999091e+03 2.213802759113128447e-05
7.404999999999999091e+03 2.213377724441606829e-05
7.409999999999999091e+03 2.212951829259832069e-05
7.414999999999999091e+03 2.213827638470457573e-05
7.419999999999999091e+03 2.214703535087590957e-05
7.424999999999999091e+03 2.214713144102831559e-05
7.429999999999999091e+03 2.214721404072259831e-05
7.434999999999999091e+03 2.215070829937293938e-05
7.439999999999999091e+03 2.215420223578599084e-05
7.444999999999999091e+03 2.214247807840785448e-05
7.449999999999999091e+03 2.213075482290161804e-05
7.454999999999999091e+03 2.490321532344033734e-05
7.459999999999999091e+03 2.767703495048324863e-05
7.464999999999999091e+03 3.042866085574509393e-05
7.469999999999999091e+03 3.317736526233421777e-05
7.474999999999999091e+03 3.871561459995589370e-05
7.479999999999999091e+03 4.425634616936038646e-05
7.484999999999999091e+03 5.252842949670994863e-05
7.489999999999999091e+03 6.079230783189775919e-05
7.494999999999999091e+03 7.186341359291162747e-05
7.499999999999999091e+03 8.294004521870372928e-05
7.504999999999999091e+03 8.842886923203280205e-05
7.509999999999999091e+03 9.391262508903587612e-05
7.514999999999999091e+03 9.393748926254315052e-05
7.519999999999999091e+03 9.396235377505508747e-05
7.524999999999999091e+03 8.839172260786713959e-05
7.529999999999999091e+03 8.282651942755189702e-05
7.534999999999999091e+03 8.008229498172208301e-05
7.539999999999999091e+03 7.733692072023683423e-05
7.544999999999999091e+03 7.729806633019325470e-05
7.549999999999999091e+03 7.725921192190034355e-05
7.554999999999999091e+03 7.721880093286914520e-05
7.559999999999999091e+03 7.717839204346225426e-05
7.564999999999999091e+03 7.719241595039628035e-05
7.569999999999999091e+03 7.720643873238689273e-05
7.574999999999999091e+03 7.699435945854145248e-05
7.579999999999999091e+03 7.678251319101740289e-05
7.584999999999999091e+03 7.034065680789236986e-05
7.589999999999999091e+03 6.326392092660826783e-05
7.594999999999999091e+03 4.919655655603673202e-05
7.599999999999999091e+03 3.287048270797401065e-05
7.604999999999999091e+03 4.520045419781358370e-05
7.609999999999999091e+03 5.931325669301580779e-05
7.614999999999999091e+03 7.481749819200487388e-05
7.619999999999999091e+03 9.210512742898427526e-05
7.624999999999999091e+03 9.784893320799836042e-05
7.629999999999999091e+03 1.020236329349865896e-04
7.634999999999999091e+03 1.247230164435619035e-04
7.639999999999999091e+03 1.496578450117336614e-04
7.644999999999999091e+03 1.814019128811515376e-04
7.649999999999999091e+03 2.161522310823506829e-04
7.654999999999999091e+03 2.416976282587101385e-04
7.659999999999999091e+03 2.686682651430391533e-04
7.664999999999999091e+03 2.866015742276126058e-04
7.669999999999999091e+03 3.050790666069722545e-04
7.674999999999999091e+03 3.142133566954029593e-04
7.679999999999998181e+03 3.234738808044403547e-04
7.684999999999998181e+03 3.284094158610346742e-04
7.689999999999998181e+03 3.333823177959961302e-04
7.694999999999998181e+03 3.380446950721605450e-04
7.699999999999998181e+03 3.427355924281704760e-04
7.704999999999998181e+03 3.514684304038643127e-04
7.709999999999998181e+03 3.602279435905678421e-04
7.714999999999998181e+03 3.709984391946081865e-04
7.719999999999998181e+03 3.817602997394638036e-04
7.724999999999998181e+03 4.009468423446858171e-04
7.729999999999998181e+03 4.201427656388357279e-04
7.734999999999998181e+03 4.499007006315032119e-04
7.739999999999998181e+03 4.796250345955102297e-04
7.744999999999998181e+03 5.174362652037271674e-04
7.749999999999998181e+03 5.551973935096243037e-04
7.754999999999998181e+03 6.015219247075143799e-04
7.759999999999998181e+03 6.478553789344170715e-04
7.764999999999998181e+03 7.072457927446316669e-04
7.769999999999998181e+03 7.665525815959045629e-04
7.774999999999998181e+03 8.318542901627546445e-04
7.779999999999998181e+03 8.971658920857298377e-04
7.784999999999998181e+03 9.698936526114094580e-04
7.789999999999998181e+03 1.042519317509151130e-03
7.794999999999998181e+03 1.121381852240468154e-03
7.799999999999998181e+03 1.200262708299173987e-03
7.804999999999998181e+03 1.283668131253816371e-03
7.809999999999998181e+03 1.366972032448193807e-03
7.814999999999998181e+03 1.460938730728968387e-03
7.819999999999998181e+03 1.554780809429357922e-03
7.824999999999998181e+03 1.663380317582194377e-03
7.829999999999998181e+03 1.772012687768374480e-03
7.834999999999998181e+03 1.906196303831409009e-03
7.839999999999998181e+03 2.040196976755673068e-03
7.844999999999998181e+03 2.221335119917310953e-03
7.849999999999998181e+03 2.402448305301653052e-03
7.854999999999998181e+03 2.642612451175870882e-03
7.859999999999998181e+03 2.882167420682999869e-03
7.864999999999998181e+03 3.191327964400976491e-03
7.869999999999998181e+03 3.499731117719026216e-03
7.874999999999998181e+03 3.884633196263701654e-03
7.879999999999998181e+03 4.268984521973042887e-03
7.884999999999998181e+03 4.701819761629790796e-03
7.889999999999998181e+03 5.132133453793525854e-03
7.894999999999998181e+03 5.605523272449597881e-03
7.899999999999998181e+03 6.078958779809937735e-03
7.904999999999998181e+03 6.559198125610295194e-03
7.909999999999998181e+03 7.039681547825934679e-03
7.914999999999998181e+03 7.524857972914120174e-03
7.919999999999998181e+03 8.009477050192441439e-03
7.924999999999998181e+03 8.557496098898399392e-03
7.929999999999998181e+03 9.107198645632469738e-03
7.934999999999998181e+03 9.750666785094118036e-03
7.939999999999998181e+03 1.039555705374206954e-02
7.944999999999998181e+03 1.116712517488378797e-02
7.949999999999998181e+03 1.193537684972265089e-02
7.954999999999998181e+03 1.292848584940286920e-02
7.959999999999998181e+03 1.391272085546455158e-02
7.964999999999998181e+03 1.541896157342950192e-02
7.969999999999998181e+03 1.693472478182072097e-02
7.974999999999998181e+03 1.906215045925146664e-02
7.979999999999998181e+03 2.118835304653302401e-02
7.984999999999998181e+03 2.434059508757781265e-02
7.989999999999998181e+03 2.749390678664920262e-02
7.994999999999998181e+03 3.202277373664046134e-02
7.999999999999998181e+03 3.653490320894269699e-02
8.004999999999998181e+03 4.278302097684267419e-02
8.009999999999998181e+03 4.901847108207874060e-02
8.014999999999998181e+03 5.672979204114551172e-02
8.019999999999998181e+03 6.445325130979057127e-02
8.024999999999998181e+03 7.212943889668183006e-02
8.029999999999998181e+03 7.979944076124069474e-02
8.034999999999998181e+03 8.590382437688005857e-02
8.039999999999998181e+03 9.201590359730554836e-02
8.044999999999998181e+03 9.612153431120633307e-02
8.049999999999998181e+03 1.002360158454027872e-01
8.054999999999998181e+03 1.033531218580563821e-01
8.059999999999998181e+03 1.064760839125026143e-01
8.064999999999998181e+03 1.098949814373151868e-01
8.069999999999998181e+03 1.133127772572823933e-01
8.074999999999998181e+03 1.180180937843196831e-01
8.079999999999998181e+03 1.227227144686082322e-01
8.084999999999998181e+03 1.285882946936220961e-01
8.089999999999998181e+03 1.344431503859485066e-01
8.094999999999998181e+03 1.406886659577467613e-01
8.099999999999998181e+03 1.469229343792990972e-01
8.104999999999998181e+03 1.526186214389333995e-01
8.109999999999998181e+03 1.583057627268351364e-01
8.114999999999998181e+03 1.627784930980762379e-01
8.119999999999998181e+03 1.672191216202754682e-01
8.124999999999998181e+03 1.708418837606220930e-01
8.129999999999998181e+03 1.744205339585391534e-01
8.134999999999998181e+03 1.768903310544566732e-01
8.139999999999998181e+03 1.792652477993952886e-01
8.144999999999998181e+03 1.829237819518175767e-01
8.149999999999998181e+03 1.865140718815346821e-01
8.154999999999998181e+03 1.906581843307627866e-01
8.159999999999998181e+03 1.946581234266610005e-01
8.164999999999998181e+03 2.039723659769905606e-01
8.169999999999998181e+03 2.133520753138680170e-01
8.174999999999998181e+03 2.227418949904079459e-01
8.179999999999998181e+03 2.319120018305143860e-01
8.184999999999998181e+03 2.491165682278637383e-01
8.189999999999998181e+03 2.667006590947887945e-01
8.194999999999998181e+03 2.817928442651799203e-01
8.199999999999998181e+03 2.968963977921048047e-01
8.204999999999998181e+03 3.172609905871525138e-01
8.209999999999998181e+03 3.382296709324934536e-01
8.214999999999998181e+03 3.462984594248536552e-01
8.219999999999998181e+03 3.542203155156975480e-01
8.224999999999998181e+03 3.434308680028732019e-01
8.229999999999998181e+03 3.319815624181186031e-01
8.234999999999998181e+03 3.504976272307991914e-01
8.239999999999998181e+03 3.693447483185630098e-01
8.244999999999998181e+03 3.776265343493684923e-01
8.249999999999998181e+03 3.859956725126625354e-01
8.254999999999998181e+03 3.879965644084803489e-01
8.259999999999998181e+03 3.899542396871816807e-01
8.264999999999998181e+03 3.986580737435880262e-01
8.269999999999998181e+03 4.074493079934731199e-01
8.274999999999998181e+03 4.066059723504096834e-01
8.279999999999998181e+03 4.054711260584430432e-01
8.284999999999998181e+03 4.156114992223413074e-01
8.289999999999998181e+03 4.258193240816028902e-01
8.294999999999998181e+03 4.381325348667541308e-01
8.299999999999998181e+03 4.505811177631602882e-01
8.304999999999998181e+03 4.619971722128579650e-01
8.309999999999998181e+03 4.735106701727195277e-01
8.314999999999998181e+03 4.780477470350850133e-01
8.319999999999998181e+03 4.824781659732272354e-01
8.324999999999998181e+03 4.931168773179688825e-01
8.329999999999998181e+03 5.038685441056427461e-01
8.334999999999998181e+03 5.075931462816359874e-01
8.339999999999998181e+03 5.113149976636423011e-01
8.344999999999998181e+03 5.160210391605278835e-01
8.349999999999998181e+03 5.207471377389928380e-01
8.354999999999998181e+03 5.208917607545902051e-01
8.359999999999998181e+03 5.210352766112580358e-01
8.364999999999998181e+03 5.220008510663598500e-01
8.369999999999998181e+03 5.229661831704348618e-01
8.374999999999998181e+03 5.230753824763715309e-01
8.379999999999998181e+03 5.231844247591778130e-01
8.384999999999998181e+03 5.237223261503253235e-01
8.389999999999998181e+03 5.242600776908146187e-01
8.394999999999998181e+03 5.246463231311420117e-01
8.399999999999998181e+03 5.250325906269490694e-01
8.404999999999998181e+03 5.247195864603234616e-01
8.409999999999998181e+03 5.244063154065723431e-01
8.414999999999998181e+03 5.249528094466360262e-01
8.419999999999998181e+03 5.254993571931885210e-01
8.424999999999998181e+03 5.257814664386670778e-01
8.429999999999998181e+03 5.260634992877697425e-01
8.434999999999998181e+03 5.257781867945378051e-01
8.439999999999998181e+03 5.254929707292201879e-01
8.444999999999998181e+03 5.256738970023945301e-01
8.449999999999998181e+03 5.258545538758355731e-01
8.454999999999998181e+03 5.253430321952422544e-01
8.459999999999998181e+03 5.248318122529403995e-01
8.464999999999998181e+03 5.247146085942708815e-01
8.469999999999998181e+03 5.245973699653391220e-01
8.474999999999998181e+03 5.242474582779726999e-01
8.479999999999998181e+03 5.238976954846390477e-01
8.484999999999998181e+03 5.236194210775672042e-01
8.489999999999998181e+03 5.233412376816828360e-01
8.494999999999998181e+03 5.232275383882679654e-01
8.499999999999998181e+03 5.231138102579964144e-01
8.504999999999998181e+03 5.231299989002935469e-01
8.509999999999998181e+03 5.231459504745863409e-01
8.514999999999998181e+03 5.237612268868461207e-01
8.519999999999998181e+03 5.243767558941018203e-01
8.524999999999998181e+03 5.248542279496981600e-01
8.529999999999998181e+03 5.253318326464078147e-01
8.534999999999998181e+03 5.254829759055675842e-01
8.539999999999998181e+03 5.256339881180895901e-01
8.544999999999998181e+03 5.260322232257410580e-01
8.549999999999998181e+03 5.264305594521712095e-01
8.554999999999998181e+03 5.269058275643982991e-01
8.559999999999998181e+03 5.273812936457196177e-01
8.564999999999998181e+03 5.278585747214522561e-01
8.569999999999998181e+03 5.283360316149293689e-01
8.574999999999998181e+03 5.287956584290195439e-01
8.579999999999998181e+03 5.292554132444985404e-01
8.584999999999998181e+03 5.297371111337431104e-01
8.589999999999998181e+03 5.302189641931066566e-01
8.594999999999998181e+03 5.306300568759939607e-01
8.599999999999998181e+03 5.310412257671836000e-01
8.604999999999998181e+03 5.312764297356198373e-01
8.609999999999998181e+03 5.315115351573558300e-01
8.614999999999998181e+03 5.316297951607930061e-01
8.619999999999998181e+03 5.317478554319173822e-01
8.624999999999998181e+03 5.317587010872721898e-01
8.629999999999998181e+03 5.317692499084458735e-01
8.634999999999998181e+03 5.321332777013459969e-01
8.639999999999998181e+03 5.324968849328386433e-01
8.644999999999998181e+03 5.324443578739128657e-01
8.649999999999998181e+03 5.323914736611115028e-01
8.654999999999998181e+03 5.323724383023897833e-01
8.659999999999998181e+03 5.323530881306287599e-01
8.664999999999998181e+03 5.324210277882145403e-01
8.669999999999998181e+03 5.324887056582987555e-01
8.674999999999998181e+03 5.327044161884834095e-01
8.679999999999998181e+03 5.329199329448385258e-01
8.684999999999998181e+03 5.332163938602383357e-01
8.689999999999998181e+03 5.335126821799005548e-01
8.694999999999998181e+03 5.338914030999183380e-01
8.699999999999998181e+03 5.342699768879036748e-01
8.704999999999998181e+03 5.346647733653100421e-01
8.709999999999998181e+03 5.350594207466730090e-01
8.714999999999998181e+03 5.354260434364032095e-01
8.719999999999998181e+03 5.357924963412254993e-01
8.724999999999998181e+03 5.360467820998213728e-01
8.729999999999998181e+03 5.363008159073612280e-01
8.734999999999998181e+03 5.364157493818880740e-01
8.739999999999998181e+03 5.365303612130158939e-01
8.744999999999998181e+03 5.364947172849551249e-01
8.749999999999998181e+03 5.364586908048822878e-01
8.754999999999998181e+03 5.362711908946784511e-01
8.759999999999998181e+03 5.360832939383598506e-01
8.764999999999998181e+03 5.358516510886098816e-01
8.769999999999998181e+03 5.356195520973041635e-01
8.774999999999998181e+03 5.353204730360365815e-01
8.779999999999998181e+03 5.350209701230692616e-01
8.784999999999998181e+03 5.347681969904448662e-01
8.789999999999998181e+03 5.345149670888484916e-01
8.794999999999998181e+03 5.343018423867269551e-01
8.799999999999998181e+03 5.340882708885733576e-01
8.804999999999998181e+03 5.339407562170696009e-01
8.809999999999998181e+03 5.337927941235418583e-01
8.814999999999998181e+03 5.337310419510659099e-01
8.819999999999998181e+03 5.336688017817274865e-01
8.824999999999998181e+03 5.338242108104919170e-01
8.829999999999998181e+03 5.339791026841876898e-01
8.834999999999998181e+03 5.340764511459611397e-01
8.839999999999998181e+03 5.341732111952405271e-01
8.844999999999998181e+03 5.343036605974877951e-01
8.849999999999998181e+03 5.344334815997352495e-01
8.854999999999998181e+03 5.340562760188127811e-01
8.859999999999998181e+03 5.336782936581681014e-01
8.864999999999998181e+03 5.339191925477982936e-01
8.869999999999998181e+03 5.341594162474524454e-01
8.874999999999998181e+03 5.337898388580454290e-01
8.879999999999998181e+03 5.334196627573473126e-01
8.884999999999998181e+03 5.337699165840008586e-01
8.889999999999998181e+03 5.341191874905630854e-01
8.894999999999998181e+03 5.335452181487669865e-01
8.899999999999998181e+03 5.329708736442958505e-01
8.904999999999998181e+03 5.327602329400726866e-01
8.909999999999998181e+03 5.325488748329068045e-01
8.914999999999998181e+03 5.315826176498140709e-01
8.919999999999998181e+03 5.306165676655091312e-01
8.924999999999998181e+03 5.282089625170827141e-01
8.929999999999998181e+03 5.258041769634443918e-01
8.934999999999998181e+03 5.246689033813255465e-01
8.939999999999998181e+03 5.235343692784308889e-01
8.944999999999998181e+03 5.179040190717475456e-01
8.949999999999998181e+03 5.122877704272681409e-01
8.954999999999998181e+03 5.039177066287541251e-01
8.959999999999998181e+03 4.955768419973737848e-01
8.964999999999998181e+03 4.884618060558235664e-01
8.969999999999998181e+03 4.813778987862946113e-01
8.974999999999998181e+03 4.845234731048726484e-01
8.979999999999998181e+03 4.876361701986079433e-01
8.984999999999998181e+03 4.620643301449855467e-01
8.989999999999998181e+03 4.367039861702427528e-01
8.994999999999998181e+03 4.487147922000777611e-01
8.999999999999998181e+03 4.605660774654365963e-01
9.004999999999998181e+03 4.558174998274094891e-01
9.009999999999998181e+03 4.510942531267083111e-01
9.014999999999998181e+03 4.498490563976303425e-01
9.019999999999998181e+03 4.485717462101957986e-01
9.024999999999998181e+03 4.462364181393820850e-01
9.029999999999998181e+03 4.438757505252006741e-01
9.034999999999998181e+03 4.539345882096445517e-01
9.039999999999998181e+03 4.637305762157571398e-01
9.044999999999998181e+03 4.567788358291232642e-01
9.049999999999998181e+03 4.498767850659957657e-01
9.054999999999998181e+03 4.443037615843293819e-01
9.059999999999998181e+03 4.387464748743279408e-01
9.064999999999998181e+03 4.223884465046116587e-01
9.069999999999998181e+03 4.062869194238096227e-01
9.074999999999998181e+03 3.987056411184426441e-01
9.079999999999998181e+03 3.911984941087180423e-01
9.084999999999998181e+03 3.882519999116622045e-01
9.089999999999998181e+03 3.852738428528733605e-01
9.094999999999998181e+03 3.826516798147726606e-01
9.099999999999998181e+03 3.799895217741183218e-01
9.104999999999998181e+03 3.768345645609311179e-01
9.109999999999998181e+03 3.736539600013544238e-01
9.114999999999998181e+03 3.679680033564683983e-01
9.119999999999998181e+03 3.623183780736759507e-01
9.124999999999998181e+03 3.553935213138091354e-01
9.129999999999998181e+03 3.485375685263400469e-01
9.134999999999998181e+03 3.430206460434169213e-01
9.139999999999998181e+03 3.375367441091709497e-01
9.144999999999998181e+03 3.374031270417483519e-01
9.149999999999998181e+03 3.371424691980012267e-01
9.154999999999998181e+03 3.254870388527767999e-01
9.159999999999998181e+03 3.140467374017944513e-01
9.164999999999998181e+03 3.179239246501611160e-01
9.169999999999998181e+03 3.214810753955125167e-01
9.174999999999998181e+03 3.073398038960963308e-01
9.179999999999998181e+03 2.935275602909352965e-01
9.184999999999998181e+03 2.963421750874566940e-01
9.189999999999998181e+03 2.987776766185011312e-01
9.194999999999998181e+03 2.933744462075084103e-01
9.199999999999998181e+03 2.879079926658679178e-01
9.204999999999998181e+03 2.822766356241673269e-01
9.209999999999998181e+03 2.765589461036622732e-01
9.214999999999998181e+03 2.667708249879003901e-01
9.219999999999998181e+03 2.571137386301715622e-01
9.224999999999998181e+03 2.503800890148917269e-01
9.229999999999998181e+03 2.435907765134104064e-01
9.234999999999998181e+03 2.342544436278677644e-01
9.239999999999998181e+03 2.250308117628649629e-01
9.244999999999998181e+03 2.165139809424214412e-01
9.249999999999998181e+03 2.080710463716702874e-01
9.254999999999998181e+03 2.014674449372839682e-01
9.259999999999998181e+03 1.948158521441706592e-01
9.264999999999998181e+03 1.884659024960856077e-01
9.269999999999998181e+03 1.820652662572604386e-01
9.274999999999998181e+03 1.694126419190092048e-01
9.279999999999998181e+03 1.572366677433839066e-01
9.284999999999998181e+03 1.495195567630448474e-01
9.289999999999998181e+03 1.419463430903914192e-01
9.294999999999998181e+03 1.317250510268309915e-01
9.299999999999998181e+03 1.218973661250710439e-01
9.304999999999998181e+03 1.120252215109828059e-01
9.309999999999998181e+03 1.025889920042899611e-01
9.314999999999998181e+03 9.125530964661617006e-02
9.319999999999998181e+03 8.055818274607952356e-02
9.324999999999998181e+03 7.582492736814266943e-02
9.329999999999998181e+03 7.121702532094430216e-02
9.334999999999998181e+03 6.313650828144780347e-02
9.339999999999998181e+03 5.552152276956525551e-02
9.344999999999998181e+03 5.573629704010597125e-02
9.349999999999998181e+03 5.569190133862525482e-02
9.354999999999998181e+03 5.318840455714789195e-02
9.359999999999998181e+03 5.068476144770339697e-02
9.364999999999998181e+03 4.796058181552029231e-02
9.369999999999998181e+03 4.527616131562990642e-02
9.374999999999998181e+03 4.461569967779768775e-02
9.379999999999998181e+03 4.380279699221550221e-02
9.384999999999998181e+03 4.495727789872403651e-02
9.389999999999998181e+03 4.577232382305301134e-02
9.394999999999998181e+03 4.572826455166989490e-02
9.399999999999998181e+03 4.544752313210650985e-02
9.404999999999998181e+03 4.170746214235068056e-02
9.409999999999998181e+03 3.813133701872629261e-02
9.414999999999998181e+03 3.669360519536554038e-02
9.419999999999998181e+03 3.520867326000350073e-02
9.424999999999998181e+03 3.062070628747793136e-02
9.429999999999998181e+03 2.634396006794590891e-02
9.434999999999998181e+03 2.513468483514113075e-02
9.439999999999998181e+03 2.391690098061453537e-02
9.444999999999998181e+03 2.354912039625324527e-02
9.449999999999998181e+03 2.309633987686448078e-02
9.454999999999998181e+03 2.139791524468060216e-02
9.459999999999998181e+03 1.976290857385477884e-02
9.464999999999998181e+03 1.965627345583774097e-02
9.469999999999998181e+03 1.946071256485113615e-02
9.474999999999998181e+03 1.763391493929263726e-02
9.479999999999998181e+03 1.590181232062729336e-02
9.484999999999998181e+03 1.645149839597905700e-02
9.489999999999998181e+03 1.686675269957892478e-02
9.494999999999998181e+03 1.483609258367646518e-02
9.499999999999998181e+03 1.293322741999729589e-02
9.504999999999998181e+03 1.359517031422923308e-02
9.509999999999998181e+03 1.412920328652780659e-02
9.514999999999998181e+03 1.253879000245329556e-02
9.519999999999998181e+03 1.104445944522258229e-02
9.524999999999998181e+03 1.073002603983199722e-02
9.529999999999998181e+03 1.039845734572989247e-02
9.534999999999998181e+03 1.019695803080944776e-02
9.539999999999998181e+03 9.971019676360931908e-03
9.544999999999998181e+03 9.462172390969679839e-03
9.549999999999998181e+03 8.961307082461534082e-03
9.554999999999998181e+03 8.391789002434002845e-03
9.559999999999998181e+03 7.840655597793651579e-03
9.564999999999998181e+03 7.555972378156418715e-03
9.569999999999998181e+03 7.267329803606475958e-03
9.574999999999998181e+03 7.251914731541814901e-03
9.579999999999998181e+03 7.210185290580458164e-03
9.584999999999998181e+03 6.657646855097822981e-03
9.589999999999998181e+03 6.129213878676263369e-03
9.594999999999998181e+03 5.908154575071480549e-03
9.599999999999998181e+03 5.685007251516650990e-03
9.604999999999998181e+03 5.618403674903505590e-03
9.609999999999998181e+03 5.537937557564220209e-03
9.614999999999998181e+03 5.303895407432614867e-03
9.619999999999998181e+03 5.071767254200000921e-03
9.624999999999998181e+03 4.836724241096226028e-03
9.629999999999998181e+03 4.605464010337660501e-03
9.634999999999998181e+03 4.470787303881944286e-03
9.639999999999998181e+03 4.332845295866028824e-03
9.644999999999998181e+03 4.195017615296721229e-03
9.649999999999998181e+03 4.055459768797457093e-03
9.654999999999998181e+03 3.904409934770941819e-03
9.659999999999998181e+03 3.753683565878182266e-03
9.664999999999998181e+03 3.566390442947144253e-03
9.669999999999998181e+03 3.383611019136929365e-03
9.674999999999998181e+03 3.421484887578418992e-03
9.679999999999998181e+03 3.446457557266909260e-03
9.684999999999998181e+03 3.298771166362933233e-03
9.689999999999998181e+03 3.153356770491422788e-03
9.694999999999998181e+03 3.033509897631118512e-03
9.699999999999998181e+03 2.914670485152886896e-03
9.704999999999998181e+03 2.813475411258160083e-03
9.709999999999998181e+03 2.712584624181525132e-03
9.714999999999998181e+03 2.591660475500366483e-03
9.719999999999998181e+03 2.473165304030385328e-03
9.724999999999998181e+03 2.361293965565973083e-03
9.729999999999998181e+03 2.251926510107631497e-03
9.734999999999998181e+03 2.155163933873081167e-03
9.739999999999998181e+03 2.060299549528437323e-03
9.744999999999998181e+03 1.963523041466792244e-03
9.749999999999998181e+03 1.869145352743573942e-03
9.754999999999998181e+03 1.802178872980766001e-03
9.759999999999998181e+03 1.735928110409273601e-03
9.764999999999998181e+03 1.707475036104866024e-03
9.769999999999998181e+03 1.677128904035207974e-03
9.774999999999998181e+03 1.619425454546565609e-03
9.779999999999998181e+03 1.562260212400358797e-03
9.784999999999998181e+03 1.502116358865795758e-03
9.789999999999998181e+03 1.442955165105337277e-03
9.794999999999998181e+03 1.393553104182656925e-03
9.799999999999998181e+03 1.344637675362251455e-03
9.804999999999998181e+03 1.320247030036380154e-03
9.809999999999998181e+03 1.294812367246403213e-03
9.814999999999998181e+03 1.252061231666931141e-03
9.819999999999998181e+03 1.209733298908872426e-03
9.824999999999998181e+03 1.164731543621669394e-03
9.829999999999998181e+03 1.120525348114947061e-03
9.834999999999998181e+03 1.095608223766362513e-03
9.839999999999998181e+03 1.070263875565351241e-03
9.844999999999998181e+03 1.027799348762074806e-03
9.849999999999998181e+03 9.862182014162767466e-04
9.854999999999998181e+03 9.605262494294571898e-04
9.859999999999998181e+03 9.347140650650337737e-04
9.864999999999998181e+03 9.036544718012500237e-04
9.869999999999998181e+03 8.730168598509621377e-04
9.874999999999998181e+03 8.445517738724960585e-04
9.879999999999998181e+03 8.164557817543047387e-04
9.884999999999998181e+03 7.914588895091255200e-04
9.889999999999998181e+03 7.667142780834828274e-04
9.894999999999998181e+03 7.400829028900351774e-04
9.899999999999998181e+03 7.138546133131246649e-04
9.904999999999998181e+03 6.924852290172882688e-04
9.909999999999998181e+03 6.713524113115026037e-04
9.914999999999998181e+03 6.499147083533073511e-04
9.919999999999998181e+03 6.287509434186860230e-04
9.924999999999998181e+03 6.086435088019154964e-04
9.929999999999998181e+03 5.888172053968762079e-04
9.934999999999998181e+03 5.714809570559385926e-04
9.939999999999998181e+03 5.543387766510638045e-04
9.944999999999998181e+03 5.367773522959067489e-04
9.949999999999998181e+03 5.194518734124909699e-04
9.954999999999998181e+03 5.033111112090633268e-04
9.959999999999998181e+03 4.873972383121507571e-04
9.964999999999998181e+03 4.732335617381590678e-04
9.969999999999998181e+03 4.592493816567659311e-04
9.974999999999998181e+03 4.450590041873206111e-04
9.979999999999998181e+03 4.310729618283953130e-04
9.984999999999998181e+03 4.173066233221646546e-04
9.989999999999998181e+03 4.037431604192048568e-04
9.994999999999998181e+03 3.915265764981747782e-04
9.999999999999998181e+03 3.794835318594164922e-04
1.000499999999999818e+04 3.681380046487263955e-04
1.000999999999999818e+04 3.569408780889633923e-04
1.001499999999999818e+04 3.459155708074115074e-04
1.001999999999999818e+04 3.350762627133198638e-04
1.002499999999999818e+04 3.257586406447592411e-04
1.002999999999999818e+04 3.165448376836809763e-04
1.003499999999999818e+04 3.079946490213461259e-04
1.003999999999999818e+04 2.995537753805417656e-04
1.004499999999999818e+04 2.901525825600660062e-04
1.004999999999999818e+04 2.808906808098707211e-04
1.005499999999999818e+04 2.727049737667201681e-04
1.005999999999999818e+04 2.646356326235321083e-04
1.006499999999999818e+04 2.577735275046321383e-04
1.006999999999999818e+04 2.509952036470045923e-04
1.007499999999999818e+04 2.431213859264780633e-04
1.007999999999999818e+04 2.353721117374405576e-04
1.008499999999999818e+04 2.285045762854155801e-04
1.008999999999999818e+04 2.217436227619531389e-04
1.009499999999999818e+04 2.152710763759859997e-04
1.009999999999999818e+04 2.088940131712741259e-04
1.010499999999999818e+04 2.032903144383642758e-04
1.010999999999999818e+04 1.977487473210427543e-04
1.011499999999999818e+04 1.917882681612222053e-04
1.011999999999999818e+04 1.859199506182907294e-04
1.012499999999999818e+04 1.811034366974399593e-04
1.012999999999999818e+04 1.763471165205576178e-04
1.013499999999999818e+04 1.708186968508173555e-04
1.013999999999999818e+04 1.653766422183924629e-04
1.014499999999999818e+04 1.608496806076006782e-04
1.014999999999999818e+04 1.563826749585192188e-04
1.015499999999999818e+04 1.519056992962734788e-04
1.015999999999999818e+04 1.474932088770931991e-04
1.016499999999999818e+04 1.431551801405832574e-04
1.016999999999999818e+04 1.388815436365312594e-04
1.017499999999999818e+04 1.354071153070466932e-04
1.017999999999999818e+04 1.319728924963756351e-04
1.018499999999999818e+04 1.278858941008761269e-04
1.018999999999999818e+04 1.238629715899519125e-04
1.019499999999999818e+04 1.205957500704064406e-04
1.019999999999999818e+04 1.173685351829139141e-04
1.020499999999999818e+04 1.137479549962612773e-04
1.020999999999999818e+04 1.101825090523502365e-04
1.021499999999999818e+04 1.072853931172846020e-04
1.021999999999999818e+04 1.044241187753915828e-04
1.022499999999999818e+04 1.015420857411522944e-04
1.022999999999999818e+04 9.869968693848921691e-05
1.023499999999999818e+04 9.588532561625658123e-05
1.023999999999999818e+04 9.311161721067082056e-05
1.024499999999999818e+04 9.053595202777172063e-05
1.024999999999999818e+04 8.799218923340342263e-05
1.025499999999999818e+04 8.546691253033281642e-05
1.025999999999999818e+04 8.297517280740218800e-05
1.026499999999999818e+04 8.048060540417475094e-05
1.026999999999999818e+04 7.802260008874337832e-05
1.027499999999999818e+04 7.609468306479571847e-05
1.027999999999999818e+04 7.418516172623607682e-05
1.028499999999999818e+04 7.185948668995608150e-05
1.028999999999999818e+04 6.956907330575169798e-05
1.029499999999999818e+04 6.783548459644225543e-05
1.029999999999999818e+04 6.611620453521420686e-05
1.030499999999999818e+04 6.405393902440183348e-05
1.030999999999999818e+04 6.202352473875770715e-05
1.031499999999999818e+04 6.046486187344348644e-05
1.031999999999999818e+04 5.892151779819063693e-05
1.032499999999999818e+04 5.700646756268847292e-05
1.032999999999999818e+04 5.512215651430949328e-05
1.033499999999999818e+04 5.370283952984115531e-05
1.033999999999999818e+04 5.229685552595415908e-05
1.034499999999999818e+04 5.089645498795322627e-05
1.034999999999999818e+04 4.951069817894427667e-05
1.035499999999999818e+04 4.814978462700858426e-05
1.035999999999999818e+04 4.680367830991970631e-05
1.036499999999999818e+04 4.551381420438428932e-05
1.036999999999999818e+04 4.423691106720992986e-05
1.037499999999999818e+04 4.296082298760002039e-05
1.037999999999999818e+04 4.169889215115605804e-05
1.038499999999999818e+04 4.014615977937679346e-05
1.038999999999999818e+04 3.862184781334362666e-05
1.039499999999999818e+04 3.773662049853444996e-05
1.039999999999999818e+04 3.685133004625192857e-05
1.040499999999999818e+04 3.579672365205935125e-05
1.040999999999999818e+04 3.475333880354990993e-05
1.041499999999999818e+04 3.371273056699889672e-05
1.041999999999999818e+04 3.268442417655531101e-05
1.042499999999999818e+04 3.167915749633188005e-05
1.042999999999999818e+04 3.068604140045237238e-05
1.043499999999999818e+04 2.971330855414604805e-05
1.043999999999999818e+04 2.875261866714494413e-05
1.044499999999999818e+04 2.783412485729799794e-05
1.044999999999999818e+04 2.692632025812792190e-05
1.045499999999999818e+04 2.624656895132152366e-05
1.045999999999999818e+04 2.556688559492417478e-05
1.046499999999999818e+04 2.468615602298417520e-05
1.046999999999999818e+04 2.381694297326384537e-05
1.047499999999999818e+04 2.297090552602082397e-05
1.047999999999999818e+04 2.213622664867316675e-05
1.048499999999999818e+04 2.152681172349591465e-05
1.048999999999999818e+04 2.091693479981090374e-05
1.049499999999999818e+04 2.012610906404541637e-05
1.049999999999999818e+04 1.934640710669155593e-05
1.050499999999999818e+04 1.865961309098956898e-05
1.050999999999999818e+04 1.798213213192403581e-05
1.051499999999999818e+04 1.748095354603852798e-05
1.051999999999999818e+04 1.697999057988883135e-05
1.052499999999999818e+04 1.634943514998117505e-05
1.052999999999999818e+04 1.572730106702093688e-05
1.053499999999999818e+04 1.525945048890479651e-05
1.053999999999999818e+04 1.479178750991807857e-05
1.054499999999999818e+04 1.419929599717154908e-05
1.054999999999999818e+04 1.361571013216176280e-05
1.055499999999999818e+04 1.318027375478834978e-05
1.055999999999999818e+04 1.274516378270399500e-05
1.056499999999999818e+04 1.233100725587995620e-05
1.056999999999999818e+04 1.191668140375330299e-05
1.057499999999999818e+04 1.139704836014707158e-05
1.057999999999999818e+04 1.088567290592605190e-05
1.058499999999999818e+04 1.049926036771914740e-05
1.058999999999999818e+04 1.011317675711008069e-05
1.059499999999999818e+04 9.743664115996358865e-06
1.059999999999999818e+04 9.374382005380346836e-06
1.060499999999999818e+04 8.981207642390944736e-06
1.060999999999999818e+04 8.593769243986779108e-06
1.061499999999999818e+04 8.303781878921372506e-06
1.061999999999999818e+04 8.013995804739781927e-06
1.062499999999999818e+04 7.735590410737567323e-06
1.062999999999999818e+04 7.457372832951331160e-06
1.063499999999999818e+04 7.122048386395042330e-06
1.063999999999999818e+04 6.792176260556046447e-06
1.064499999999999818e+04 6.550584653936646209e-06
1.064999999999999818e+04 6.308908357086616312e-06
1.065499999999999818e+04 6.081140162888960121e-06
1.065999999999999818e+04 5.853332427066268820e-06
1.066499999999999818e+04 5.637999501213857023e-06
1.066999999999999818e+04 5.422642377057998315e-06
1.067499999999999818e+04 5.219788673017816783e-06
1.067999999999999818e+04 5.016924631622388240e-06
1.068499999999999818e+04 4.835964286665386934e-06
1.068999999999999818e+04 4.654422040560515767e-06
1.069499999999999818e+04 4.477814974978996482e-06
1.069999999999999818e+04 4.301082822216521888e-06
1.070499999999999818e+04 4.132690454572051896e-06
1.070999999999999818e+04 3.966544365220962043e-06
1.071499999999999818e+04 3.844598378107844494e-06
1.071999999999999818e+04 3.722680739760211290e-06
1.072499999999999818e+04 3.607872901418335664e-06
1.072999999999999818e+04 3.492745121569538728e-06
1.073499999999999818e+04 3.373181126914763914e-06
1.073999999999999818e+04 3.253585548587537790e-06
1.074499999999999818e+04 3.132452209880999644e-06
1.074999999999999818e+04 3.011536745112966750e-06
1.075499999999999818e+04 2.902998937224560554e-06
1.075999999999999818e+04 2.793993252789259726e-06
1.076499999999999818e+04 2.675274258147594684e-06
1.076999999999999818e+04 2.556881505054643965e-06
1.077499999999999818e+04 2.470933280804086204e-06
1.077999999999999818e+04 2.382700086593076550e-06
1.078499999999999818e+04 2.276394526860849932e-06
1.078999999999999818e+04 2.169582387611114054e-06
1.079499999999999818e+04 2.054859840101616022e-06
1.079999999999999818e+04 1.940628877900016271e-06
1.080499999999999818e+04 1.858256673408142951e-06
1.080999999999999818e+04 1.776054941322239658e-06
1.081499999999999818e+04 1.702434678360314482e-06
1.081999999999999818e+04 1.628549588154487000e-06
1.082499999999999818e+04 1.550400050359555304e-06
1.082999999999999818e+04 1.472379129227106974e-06
1.083499999999999818e+04 1.398704956205537444e-06
1.083999999999999818e+04 1.325093848754505131e-06
1.084499999999999818e+04 1.267785976289519580e-06
1.084999999999999818e+04 1.208923203333144597e-06
1.085499999999999818e+04 1.129589551352111442e-06
1.085999999999999818e+04 1.051298165182882048e-06
1.086499999999999818e+04 9.891748849283596952e-07
1.086999999999999818e+04 9.265080223876200917e-07
1.087499999999999818e+04 8.664865511258806444e-07
1.087999999999999818e+04 8.057366801110022262e-07
1.088499999999999818e+04 7.479192569517668150e-07
1.088999999999999818e+04 6.893721923763782915e-07
1.089499999999999818e+04 6.296049212271570146e-07
1.089999999999999818e+04 5.700331680152714551e-07
1.090499999999999818e+04 5.335218021786319968e-07
1.090999999999999818e+04 4.968344875715059477e-07
1.091499999999999818e+04 4.655792997568406827e-07
1.091999999999999818e+04 4.338698812731392189e-07
1.092499999999999818e+04 3.998805929042500044e-07
1.092999999999999818e+04 3.661116425029562673e-07
1.093499999999999818e+04 3.372583756122135753e-07
1.093999999999999818e+04 3.081037324111421143e-07
1.094499999999999818e+04 2.808571540202493692e-07
1.094999999999999818e+04 2.532526421919681290e-07
1.095499999999999818e+04 2.271243744118008925e-07
1.095999999999999818e+04 2.011746801697210806e-07
1.096499999999999818e+04 1.810385373178671910e-07
1.096999999999999818e+04 1.601223632555811830e-07
1.097499999999999818e+04 1.390143589524723545e-07
1.097999999999999818e+04 1.182187271896601766e-07
1.098499999999999818e+04 9.889262125683455009e-08
1.098999999999999818e+04 7.940736707757019085e-08
1.099499999999999818e+04 6.532796812795843916e-08
1.099999999999999818e+04 5.132627790244922230e-08
